6
10
38 85 5 15 12 33 41 69 45 73 16 55 25 43 12 48 31 60 37 66 
5
35
36
94
10
6

25
8 51 101 178 19 21 116 175 83 83 26 92 71 83 18 43 106 135 39 39 49 169 59 67 91 195 101 181 73 139 14 31 63 162 101 165 108 156 67 76 114 238 99 150 7 91 34 63 1 86 
25
109
60
19
208
166
195
249
244
148
41
101
239
55
65
98
226
47
187
78
81
38
232
218
20
26

50
1 500 500 500 225 423 169 410 173 231 211 326 81 285 132 329 175 297 159 216 28 227 128 277 3 47 60 257 17 82 177 280 202 390 66 134 26 158 118 283 231 402 97 301 75 196 132 147 177 380 7 81 43 167 129 336 241 435 109 270 128 367 187 269 3 173 190 354 244 440 174 183 228 466 143 208 30 204 65 172 241 431 85 165 98 317 85 193 220 282 58 158 144 333 18 129 227 287 43 108 
50
124
367
288
349
53
441
442
323
194
22
147
339
339
407
67
419
72
474
306
423
78
479
312
221
139
108
174
239
419
459
164
270
150
484
456
446
312
194
499
230
443
51
364
151
28
159
215
348
121
495

15
64 64 196 196 131 131 118 138 111 255 89 152 196 368 21 138 1 12 5 61 137 200 196 232 17 119 196 250 122 124 
8
64
277
58
251
257
393
359
131

20
89 203 139 301 188 229 238 314 97 196 147 298 81 92 131 246 65 250 115 325 79 190 129 295 150 346 200 373 26 118 76 259 152 206 202 303 110 297 160 348 
15
306
225
399
142
150
140
239
148
132
116
130
201
77
203
161

15
198 345 12 198 85 251 17 182 52 155 107 306 178 253 103 178 6 199 36 75 133 317 175 328 81 119 4 96 133 231 
8
198
218
194
284
271
127
23
66

