100
100 1
100
10 3
20 3 15
650139 5
304946 244282 20894 465410 491656
215985 5
705703 137693 847379 156019 680326
549575 4
691889 584383 380162 399274
1 5
949529 444567 986865 451892 286886
834675 5
312754 522997 810612 898835 899529
293571 5
101012 503712 162887 526775 267709
758070 5
844343 991651 189095 589282 309470
2 5
681 128 742 380 444
227084 5
909588 872823 450317 115042 26282
825029 4
504701 361653 651015 4488
622489 2
323823 418914
942497 2
53719 355718
11 5
10 5 5 5 5
1 5
1 1 1 1 1
171544 5
15531 329302 290740 28903 83247
6 5
132 42 212 599 465
937558 5
541948 915637 226781 424280 827017
1000000 5
720201 30737 538274 588414 8295
8 5
3 3 2 1 2
1000000 5
1000000 1000000 1000000 1000000 1000000
159667 5
197158 205210 640942 645343 772342
2 5
7 3 4 4 2
2 5
1 1 1 1 1
160816 5
825245 759002 670429 584734 131173
267686 5
824469 784274 611044 712522 310555
10 5
680 292 401 133 227
767832 5
353348 306881 343 241430 108050
478875 5
370357 217406 85696 178651 63480
152089 5
854404 838874 323932 160464 31163
477948 1
663879
3 4
2 2 2 4
827007 3
888054 9929 538663
665770 5
625792 583702 655586 621751 134545
358803 4
94601 595938 293376 881041
3 3
1 1 100
64216 3
269998 306153 371111
37465 4
371683 88553 797945 828102
953946 5
87453 221196 263659 310372 946113
570643 2
962268 228105
410777 2
837467 32567
747994 3
604771 610410 420024
925944 3
242997 856997 510326
80914 4
181837 559767 852831 645009
10 5
5 5 5 5 10
479039 5
586489 17151 684892 551814 800320
3 4
2 2 2 3
1000000 5
883694 513216 160603 331697 771730
1 5
1000000 1000000 1000000 1000000 1000000
981609 5
442107 444163 629133 717460 114592
415508 2
516297 128090
880856 3
914371 499815 934574
255626 3
820794 616862 343078
885479 1
773098
2 5
4 5 5 4 4
210815 5
59245 309635 499788 679314 713489
554526 3
261537 895493 666815
965325 5
783170 772872 598966 473783 252666
9011 5
851481 689146 500666 672031 430969
571356 5
736304 999792 346030 509054 992436
1000000 5
771660 339941 528585 946854 980097
8 5
3 3 1 1 3
246096 2
510691 103975
261602 5
914674 865974 744940 712375 653637
477624 5
919598 908436 137015 458403 902735
772622 5
620070 887503 893744 746832 823879
195304 5
553232 813633 779006 725170 435383
733501 4
502825 337461 760543 606799
2 5
16 218 125 356 364
520855 1
591
32668 4
501324 375745 674355 762925
823562 5
834020 682806 775296 263921 614666
869316 5
909411 763998 483981 717355 156008
1000000 5
918590 216006 392398 718896 897021
201170 5
162088 198621 237610 689502 701837
946821 3
768262 811266 757432
539702 1
226398
2 4
2 2 2 6
969201 4
121987 660802 310581 143039
741823 1
377076
664097 3
402440 248378 830587
6 5
1 1 3 3 4
11 5
5 5 5 5 10
322678 3
395709 306896 401493
929723 5
141519 148532 537666 637844 641688
392011 2
106291 177071
1000000 1
1000000
314359 5
494833 867699 112303 839286 742444
10 5
1 1 1 1 1
670159 1
134116
1000000 5
814907 563003 121967 249771 757779
878188 4
139991 337578 107061 450545
995759 5
150844 118402 142812 47292 353076
1000000 1
999999
10 5
47 71 74 75 36
348658 5
91304 89093 298471 49082 248759
226348 5
329113 442783 80277 436174 409679
244129 4
940068 753490 654905 293886
1000000 5
1 1 1 1 1
